TP: 42.0
FP: 17323.0
TN: 39559.0
FN: 38.0
Recall: 0.525
Accuracy: 0.69521785
Precision: 0.0024186582
AUC: 0.6498301
Loss: 0.6421368107158336